-4.6333e-06
-2.16559e-05
-4.02882e-05
-5.36257e-05
-6.52837e-05
-7.03201e-05
-6.72974e-05
-5.11096e-05
-2.8e-05
-1.25273e-05
-4.21748e-06
6.29099e-06
1.14582e-05
1.53586e-05
1.80978e-05
2.85256e-05
4.41317e-05
5.65425e-05
6.08874e-05
5.31117e-05
3.32985e-05
-6.47762e-06
-5.94103e-05
-0.000108516
-0.000151795
-0.000198489
-0.000260631
-0.000325395
-0.000384621
-0.000445102
-0.000511466
-0.000576456
-0.000644497
-0.0007176
-0.000792577
-0.000861784
-0.000929284
-0.000991696
-0.00104934
-0.00109386
-0.00113957
-0.00118771
-0.00124532
-0.0013087
-0.00136902
-0.00141773
-0.00145885
-0.00149818
-0.00154477
-0.00160039
-0.00164603
-0.00168596
-0.00172795
-0.00176955
-0.00181
-0.00185228
-0.0019063
-0.00196431
-0.00202868
-0.00209814
-0.00217617
-0.00226181
-0.00235119
-0.00244487
-0.00253508
-0.00263103
-0.00272697
-0.00281299
-0.00290313
-0.00299739
-0.00309639
-0.00318983
-0.00328501
-0.00338565
-0.00346279
-0.00353524
-0.00360902
-0.00368929
-0.00378063
-0.00388516
-0.00399407
-0.00409448
-0.0041856
-0.00427246
-0.00435117
-0.00443393
-0.00451706
-0.00459975
-0.00468175
-0.00475899
-0.00482576
-0.00489295
-0.00497114
-0.00505793
-0.00515724
-0.00526015
-0.00535381
-0.00544271
-0.00553649
-0.00564114
-0.00574569
-0.0058566
-0.00597418
-0.00609872
-0.00622316
-0.00633733
-0.00644261
-0.00654205
-0.0066413
-0.00673977
-0.00681571
-0.0068758
-0.00693324
-0.00699217
-0.0070494
-0.00710253
-0.00715034
-0.007187
-0.00723422
-0.00728807
-0.00734525
-0.00739389
-0.00743975
-0.00749575
-0.00755442
-0.007621
-0.00769079
-0.00775656
-0.00781946
-0.00788752
-0.00795307
-0.00801818
-0.00807394
-0.0081345
-0.00820442
-0.00827878
-0.00835872
-0.00844484
-0.00854158
-0.008643
-0.00874715
-0.0088516
-0.00895681
-0.0090518
-0.00915911
-0.00927171
-0.00938661
-0.00950568
-0.00961869
-0.00973257
-0.0098555
-0.00998282
-0.01011
-0.0102282
-0.0103487
-0.0104733
-0.0105933
-0.0107005
-0.0107891
-0.0108743
-0.010948
-0.011031
-0.0111258
-0.0112185
-0.0113154
-0.0114126
-0.0115061
-0.0115969
-0.0116823
-0.0117684
-0.0118487
-0.0119277
-0.0120138
-0.0121019
-0.0121794
-0.0122492
-0.0123197
-0.0123948
-0.0124782
-0.0125541
-0.0126203
-0.0126721
-0.0127202
-0.0127727
-0.0128247
-0.0128842
-0.012959
-0.0130444
-0.0131316
-0.0132268
-0.0133159
-0.013397
-0.0134807
-0.0135575
-0.0136341
-0.0137139
-0.0137941
-0.0138688
-0.0139348
-0.0140101
-0.014083
-0.0141417
-0.0142046
-0.0142715
-0.0143376
-0.0143923
-0.014446
-0.0144981
-0.0145466
-0.014589
-0.0146201
-0.0146504
-0.0146793
-0.0147165
-0.0147555
-0.0147946
-0.0148332
-0.0148696
-0.0149107
-0.0149441
-0.0149769
-0.0150111
-0.0150616
-0.0151249
-0.0151924
-0.0152544
-0.0153015
-0.0153473
-0.0153929
-0.0154366
-0.015481
-0.0155315
-0.0155875
-0.0156365
-0.0156814
-0.0157235
-0.0157669
-0.0158181
-0.0158722
-0.0159345
-0.0160106
-0.0160818
-0.0161412
-0.0162022
-0.0162623
-0.0163236
-0.0163941
-0.0164787
-0.0165729
-0.0166564
-0.0167311
-0.0167939
-0.0168523
-0.0169036
-0.0169538
-0.0170118
-0.0170664
-0.0171123
-0.0171625
-0.017226
-0.0172923
-0.0173497
-0.0174059
-0.0174603
-0.0175124
-0.017564
-0.0176171
-0.0176682
-0.0177176
-0.0177772
-0.0178416
-0.0179067
-0.017957
-0.0179939
-0.0180206
-0.0180459
-0.0180601
-0.0180727
-0.0180904
-0.0181176
-0.0181533
-0.0182011
-0.0182623
-0.018327
-0.0183927
-0.0184573
-0.0185181
-0.018577
-0.018642
-0.018711
-0.0187847
-0.0188527
-0.0189198
-0.0190089
-0.0191104
-0.0192108
-0.0193105
-0.0194055
-0.0195047
-0.0196129
-0.0197256
-0.0198559
-0.0199904
-0.0201203
-0.0202399
-0.020363
-0.0205005
-0.0206436
-0.020781
-0.0209143
-0.0210363
-0.0211573
-0.0212881
-0.0214242
-0.0215629
-0.0216922
-0.0218232
-0.0219728
-0.0221329
-0.0223067
-0.0224938
-0.0226861
-0.0228877
-0.0230929
-0.0232944
-0.0234809
-0.0236569
-0.0238306
-0.0240012
-0.0241743
-0.0243521
-0.0245387
-0.0247365
-0.0249323
-0.0251293
-0.0253404
-0.0255547
-0.0257712
-0.0259921
-0.0262289
-0.0264722
-0.0267127
-0.0269551
-0.027198
-0.0274361
-0.027672
-0.0279143
-0.0281651
-0.0284092
-0.0286614
-0.0289172
-0.0291736
-0.0294354
-0.0297085
-0.0299875
-0.0302693
-0.0305505
-0.0308243
-0.0311002
-0.0313792
-0.031656
-0.0319315
-0.0322062
-0.0324734
-0.0327388
-0.0330119
-0.0332868
-0.03356
-0.0338405
-0.0341301
-0.0344349
-0.0347519
-0.0350662
-0.035382
-0.0356968
-0.035996
-0.036289
-0.0365858
-0.0368779
-0.0371621
-0.0374481
-0.0377435
-0.038048
-0.0383594
-0.0386661
-0.0389615
-0.0392425
-0.0395296
-0.0398194
-0.0401107
-0.0404009
-0.0406921
-0.0409821
-0.0412774
-0.0415877
-0.0419068
-0.0422288
-0.0425587
-0.0428968
-0.0432355
-0.0435691
-0.0439055
-0.0442496
-0.0445914
-0.0449373
-0.0452824
-0.0456232
-0.0459643
-0.0463063
-0.0466514
-0.0469973
-0.0473415
-0.0476896
-0.048029
-0.0483641
-0.0487073
-0.0490568
-0.0494109
-0.0497614
-0.0501143
-0.0504768
-0.0508374
-0.0512
-0.0515683
-0.0519382
-0.0523051
-0.0526722
-0.0530398
-0.0533899
-0.053738
-0.0540795
-0.0544142
-0.0547477
-0.0550872
-0.0554356
-0.0557855
-0.0561385
-0.0564806
-0.0568108
-0.0571322
-0.0574384
-0.0577348
-0.0580273
-0.0583136
-0.0586034
-0.0588995
-0.0591985
-0.0595036
-0.059817
-0.0601269
-0.0604303
-0.060737
-0.0610499
-0.0613727
-0.0617012
-0.0620278
-0.0623553
-0.06268
-0.0630046
-0.0633241
-0.0636513
-0.0639912
-0.0643244
-0.0646539
-0.0649762
-0.06529
-0.0656038
-0.0659214
-0.0662461
-0.0665675
-0.0668863
-0.0672061
-0.067524
-0.0678337
-0.0681307
-0.0684253
-0.0687172
-0.0689973
-0.0692681
-0.0695319
-0.0697945
-0.0700456
-0.0702837
-0.070513
-0.0707383
-0.0709565
-0.0711639
-0.071365
-0.0715651
-0.0717635
-0.071969
-0.072185
-0.0724048
-0.0726145
-0.0728139
-0.0730114
-0.0732038
-0.0733885
-0.073567
-0.0737559
-0.0739469
-0.0741362
-0.0743187
-0.0744849
-0.0746465
-0.0747934
-0.07493
-0.0750623
-0.0751959
-0.0753328
-0.075475
-0.0756199
-0.0757704
-0.0759304
-0.0760988
-0.0762586
-0.0764061
-0.0765396
-0.0766593
-0.0767775
-0.0768977
-0.0770251
-0.0771594
-0.0772905
-0.0774155
-0.0775423
-0.0776687
-0.0777856
-0.0778977
-0.0780153
-0.0781436
-0.0782654
-0.0783871
-0.0785215
-0.0786523
-0.0787837
-0.07892
-0.0790564
-0.0791824
-0.0793087
-0.0794486
-0.0795982
-0.0797559
-0.0799285
-0.0801056
-0.080285
-0.0804562
-0.0806244
-0.0807921
-0.080961
-0.0811179
-0.0812598
-0.0813948
-0.0815278
-0.0816738
-0.0818381
-0.0820174
-0.0821901
-0.0823541
-0.0825198
-0.0826923
-0.0828703
-0.0830552
-0.0832427
-0.083427
-0.0836027
-0.0837781
-0.0839478
-0.0841171
-0.0842795
-0.0844428
-0.0846141
-0.0847843
-0.0849582
-0.0851518
-0.0853615
-0.0855713
-0.0857804
-0.085995
-0.086206
-0.0864091
-0.0866163
-0.0868291
-0.0870359
-0.087246
-0.0874598
-0.0876744
-0.0878887
-0.0880952
-0.0882993
-0.0885074
-0.0887191
-0.0889222
-0.0891264
-0.0893336
-0.0895401
-0.0897565
-0.0899763
-0.09019
-0.0903908
-0.0905798
-0.0907662
-0.0909498
-0.0911476
-0.0913592
-0.0915818
-0.0918111
-0.0920457
-0.0922705
-0.0924946
-0.092723
-0.0929462
-0.0931736
-0.0933979
-0.0936381
-0.093894
-0.0941445
-0.0943897
-0.09464
-0.0948968
-0.0951482
-0.0953876
-0.0956324
-0.0958852
-0.0961364
-0.096388
-0.0966334
-0.0968697
-0.0971067
-0.0973371
-0.0975653
-0.0977917
-0.0980251
-0.0982615
-0.0985042
-0.0987487
-0.0989948
-0.0992346
-0.0994602
-0.09968
-0.0998986
-0.100123
-0.100354
-0.100594
-0.100839
-0.101082
-0.101321
-0.101558
-0.101793
-0.102027
-0.10226
-0.1025
-0.102751
-0.103003
-0.103259
-0.103524
-0.103782
-0.104045
-0.104312
-0.104579
-0.104853
-0.105138
-0.10543
-0.10573
-0.10604
-0.106353
-0.106674
-0.107007
-0.107339
-0.10767
-0.108
-0.108335
-0.108678
-0.109019
-0.109356
-0.109688
-0.110011
-0.11033
-0.110637
-0.110943
-0.111251
-0.111551
-0.111852
-0.112159
-0.11248
-0.112806
-0.113143
-0.113475
-0.113813
-0.114155
-0.114503
-0.114855
-0.11521
-0.115559
-0.115924
-0.116304
-0.116688
-0.117067
-0.117436
-0.117801
-0.118172
-0.11855
-0.118933
-0.119312
-0.119688
-0.120065
-0.120449
-0.120837
-0.121221
-0.121606
-0.121988
-0.122368
-0.122755
-0.123123
-0.123482
-0.123838
-0.124178
-0.124512
-0.12485
-0.125193
-0.125525
-0.125863
-0.12621
-0.126562
-0.126907
-0.127253
-0.127598
-0.127948
-0.128294
-0.128633
-0.128975
-0.12932
-0.129652
-0.129979
-0.1303
-0.130612
-0.13092
-0.131234
-0.131554
-0.131878
-0.132201
-0.132536
-0.13289
-0.133251
-0.133616
-0.133988
-0.134356
-0.134726
-0.135097
-0.135464
-0.135838
-0.136212
-0.136576
-0.136927
-0.137272
-0.137623
-0.137977
-0.13834
-0.138714
-0.139082
-0.13946
-0.139849
-0.140251
-0.140655
-0.141056
-0.141464
-0.141891
-0.142321
-0.142741
-0.143159
-0.143579
-0.144001
-0.144428
-0.144857
-0.145286
-0.14573
-0.146179
-0.146621
-0.147058
-0.147487
-0.147912
-0.148337
-0.148764
-0.149189
-0.149602
-0.150015
-0.15042
-0.150815
-0.15122
-0.151639
-0.152062
-0.152486
-0.152904
-0.153316
-0.153728
-0.154145
-0.154559
-0.154968
-0.155369
-0.155766
-0.156166
-0.156569
-0.156973
-0.157383
-0.157797
-0.158211
-0.158616
-0.159033
-0.15945
-0.159874
-0.160316
-0.160769
-0.16123
-0.161701
-0.162175
-0.162649
-0.163142
-0.163664
-0.164199
-0.164735
-0.165268
-0.1658
-0.166341
-0.166889
-0.167435
-0.167986
-0.168545
-0.169107
-0.169665
-0.170225
-0.170784
-0.17134
-0.171894
-0.172447
-0.172991
-0.173522
-0.174054
-0.174592
-0.175148
-0.175708
-0.17627
-0.176836
-0.17741
-0.177987
-0.178566
-0.17914
-0.179715
-0.180302
-0.180886
-0.181476
-0.182064
-0.182648
-0.18323
-0.18381
-0.184384
-0.184958
-0.185532
-0.186094
-0.186652
-0.187195
-0.187723
-0.188248
-0.188769
-0.189287
-0.189811
-0.190332
-0.19085
-0.191369
-0.191887
-0.1924
-0.192906
-0.193412
-0.193914
-0.194408
-0.194912
-0.195423
-0.19595
-0.196485
-0.197023
-0.197567
-0.198123
-0.198679
-0.199228
-0.199777
-0.200325
-0.200866
-0.201409
-0.201947
-0.202491
-0.203047
-0.203606
-0.204158
-0.204701
-0.20524
-0.205791
-0.206346
-0.206909
-0.207476
-0.208047
-0.208623
-0.209201
-0.209777
-0.210337
-0.210877
-0.211416
-0.211955
-0.21249
-0.213031
-0.213569
-0.214099
-0.214626
-0.215142
-0.215653
-0.216162
-0.216675
-0.217205
-0.217745
-0.218287
-0.218838
-0.219398
-0.219962
-0.220531
-0.221105
-0.221683
-0.222268
-0.222856
-0.223445
-0.224034
-0.224633
-0.22524
-0.225853
-0.226477
-0.227115
-0.22775
-0.228371
-0.228986
-0.229599
-0.230207
-0.230817
-0.231431
-0.232052
-0.232684
-0.233325
-0.233981
-0.234639
-0.235295
-0.235945
-0.236585
-0.237221
-0.237852
-0.238475
-0.239102
-0.239731
-0.240354
-0.240967
-0.241583
-0.242202
-0.242817
-0.243432
-0.244042
-0.244654
-0.245276
-0.245905
-0.246541
-0.247181
-0.24783
-0.248488
-0.249156
-0.249829
-0.250505
-0.251171
-0.251843
-0.252516
-0.25319
-0.253876
-0.254564
-0.255246
-0.255926
-0.256605
-0.25728
-0.25795
-0.258609
-0.259274
-0.259946
-0.260634
-0.261329
-0.262019
-0.262688
-0.263343
-0.263992
-0.264644
-0.265296
-0.265954
-0.266612
-0.267262
-0.267909
-0.268564
-0.269221
-0.269862
-0.270504
